4655822
4097123
4676508
523039
1889032
3326059
522311
524845
524589
4676508
524996
523686
3108865
523039
521865
1890286
2934610
2056339
2309506
522423
2371288
3642493
523642
1879693
563736
1909852
1956328
523792
2248672
2584795
3215470
2051392
3710497
2368213
522770
4113676
524494
2067103
523779
523251
2557804
1918522
2253349
522380
525382
561619
2877931
2600113
2584795
582485
2067103
524845
2096530
2962621
2112388
521889
523779
4548560
522540
2054323
522380
1946344
522833
521889
3049726
2810071
2220025
3293725
2051392
2423815
522009
2869738
524845
2309506
561619
525382
1966759
3306973
3306973
584750
2311825
524182
4548560
2075257
2083690
522299
2368258
2462632
3334513
3285598
521929
524532
2712322
2319286
525059
2248672
3108865
2462632
3335611
524657
4169948
579498
1899451
2182690
4276183
584750
561619
2234002
2079208
4097126
522384
2219899
2214244
1937731
524064
523690
563736
522268
2089192
1924168
522505
523779
3285598
3334513
522532
563736
1937731
2228293
3055099
4169948
1917796
2022682
521826
522384
2415373
3095137
2377603
524536
524240
2219443
524664
2962621
2309506
521835
2425903
2219443
1960879
3541096
3095137
2620189
4083640
2547538
2062573
2319286
2368258
2780536
2247628
522540
525206
2202865
522540
4227323
522071
2376478
524320
3335611
524644
3428494
1910320
3528469
3582865
4233721
3486124
2620189
4208148
2219899
3376285
522982
3376285
2017522
3541096
522464
521934
582485
3202861
3334513
522424
3324040
2030740
2390593
524563
1910320
1890286
4109115
522299
2188633
579498
574351
