8673142
4729138
5965846
1042410
4614024
1708842
2631554
5544939
5840078
383925
3293262
2679843
521011
7006535
5710020
5399604
7138794
5608857
4788174
7491356
1326479
15548235
8399903
5981648
1481497
187464
3536573
7941895
5467818
2652890
1193150
14640007
294885
3034110
17147260
6934726
19088401
4904242
4020062
1901695
964627
5469659
7224013
7075364
4614024
9939455
5964914
2706893
6880966
4745777
5623737
850060
1708842
6243501
8311293
1359817
7712557
5779501
8786265
1465150
9109345
6916336
110725
1372992
7093066
1660532
4773693
7813995
7845372
14423241
209978
6934726
8810309
6662223
5774717
2402674
677189
6481516
7105311
19905000
5642677
2286230
13710818
3780883
1290382
4719541
1033437
5960626
7047278
7053553
15217948
119211
1879100
6572190
5934398
1071097
7066766
5608104
7386203
7102608
5177603
5634627
6735770
5288637
6365872
16007151
5467818
50431
3501234
5314081
4666940
7092764
7519878
5946195
6664544
1530395
13695884
7729397
7090721
5613707
5881358
5107771
8311293
6770356
17679687
1058337
8679243
8217839
17655883
3501234
5574106
6930071
18755298
6191115
6365872
1674878
7251364
5203504
5807236
7998136
5515685
5018543
8310160
8642354
7404751
6807356
2701251
7181636
6793414
4456037
9474336
7088813
9077495
6770356
5603741
5723097
3715175
14770346
3691960
4209070
5348544
9429223
5881361
7646137
8567934
1140915
3567104
14269285
2882271
4591678
2365205
8136555
5745530
6279043
3668426
7031072
1905661
2022729
6277140
6521979
2904030
5971007
7187440
9489980
1886747
2372209
7088813
2329954
14423241
6223396
3499716
3277732
4773619
1715246
7661118
7536223
1342376
5795917
